frame x y veh upsideDown mini dead
1 1.29825 15 0 0 0 0
629 816.605 162.58 0 1 0 0
681 884.116 283.851 0 0 0 0
902 1171.03 106.801 0 1 0 0
1475 1915.91 165.249 0 0 0 0
1802 2340.87 200.685 0 1 0 0
1837 2386.31 261.154 0 0 0 0
1855 2409.68 275.813 0 1 0 0
1882 2444.73 297.897 0 0 0 0
1908 2478.49 301.499 0 1 0 0
1927 2503.16 306.341 1 1 0 0
1931 2508.35 307.939 1 0 0 0
2858 4003.82 310.674 3 0 0 0
2861 4008.66 310.177 3 1 0 0
3490 5024.03 280.366 0 1 0 0
3493 5028.88 285 0 0 0 0
4087 5987.74 414.166 0 1 0 0
4162 6108.81 552.905 0 0 0 0
4275 6291.23 433.901 4 0 0 0
5216 7810.24 435.515 4 0 0 1
