frame x y veh upsideDown mini dead
1 1.29825 15 0 0 0 0
629 816.605 162.58 0 1 0 0
681 884.116 283.851 0 0 0 0
902 1171.03 106.801 0 1 0 0
1475 1915.91 168.572 0 0 0 0
1802 2340.87 200.685 0 1 0 0
1837 2386.31 265.152 0 0 0 0
1855 2409.68 280.667 0 1 0 0
1882 2444.73 303.444 0 0 0 0
1908 2478.49 304.847 0 1 0 0
1927 2503.16 308.83 1 1 0 0
1931 2508.35 310.918 1 0 0 0
2858 4003.82 309.354 3 0 0 0
2861 4008.66 308.614 3 1 0 0
3490 5024.03 279.505 0 1 0 0
3493 5028.88 285.57 0 0 0 0
4087 5987.74 414.589 0 1 0 0
4162 6108.81 561.797 0 0 0 0
4277 6294.45 435.574 4 0 0 0
4705 6985.36 341.947 4 0 0 1
