# id width height   (GameObject::setupSpriteSize, from the binary)
1 30 30
2 30 30
3 30 30
4 30 30
6 30 30
7 30 30
8 30 30
9 30 27
10 25 75
11 25 75
12 34 86
13 34 86
22 30 30
23 30 30
24 30 30
25 30 30
26 30 30
27 30 30
28 30 30
29 30 30
30 30 30
31 30 30
32 30 30
33 30 30
34 37 23
35 25 4
36 30 30
39 30 14
40 30 14
45 44 92
46 44 92
47 34 86
55 20 20
56 30 30
57 30 30
58 30 30
59 30 30
61 30 18
62 30 16
63 30 30
64 15 15
65 30 16
66 30 16
67 25 6
68 30 16
69 30 30
70 30 30
71 30 30
72 30 30
74 30 30
75 30 30
76 30 30
77 30 30
78 30 30
81 30 30
82 30 30
83 30 30
84 30 30
88 44 85
89 60 60
90 30 30
91 30 30
92 30 30
93 30 30
94 30 30
95 30 30
96 30 30
98 40 40
99 31 90
101 31 90
103 20 19
105 30 30
111 34 86
116 30 30
117 30 30
118 30 30
119 30 30
121 30 30
122 30 30
135 47 50
140 25 5
141 30 30
142 40 40
143 30 30
144 30 30
145 20 19
146 30 30
147 30 14
160 30 30
161 30 30
162 30 30
163 30 30
165 30 30
166 30 30
167 30 30
168 30 30
169 30 30
170 30 21
171 30 21
172 30 21
173 30 30
174 30 21
175 30 30
176 14 21
177 30 30
178 30 16
179 20 20
183 43 43
184 60 53
185 10 40
186 43 43
187 61 61
188 42 42
192 30 21
194 21 21
195 15 15
196 15 8
197 22 21
200 35 44
201 33 56
202 51 56
203 65 56
204 15 8
205 30 14
206 15 15
207 30 30
208 30 30
209 30 30
210 30 30
212 30 30
213 30 30
215 30 14
216 30 30
217 30 14
218 20 19
219 15 8
220 15 15
243 30 18
244 30 17
247 30 30
248 30 30
249 30 30
250 30 30
252 30 30
253 30 30
254 30 30
255 30 30
256 30 30
257 30 30
258 30 30
260 30 30
261 30 30
263 30 30
264 30 30
265 30 30
267 30 30
268 30 30
269 30 30
270 30 30
271 30 30
272 30 30
274 30 30
275 30 30
286 41 91
287 41 91
289 30 30
291 60 30
294 30 30
295 60 30
299 30 30
301 60 30
305 30 30
307 60 30
309 30 30
311 60 30
315 30 30
317 60 30
321 30 30
323 60 30
326 30 30
327 60 30
328 22 22
329 43 22
331 30 30
333 60 30
337 30 30
339 60 30
343 30 30
345 60 30
349 30 30
351 60 30
353 30 30
355 60 30
363 30 30
364 60 30
365 30 15
366 30 30
367 60 30
368 30 10
369 30 14
370 30 14
371 30 30
372 60 30
392 13 12
397 43 43
398 55 63
399 43 43
421 30 13
422 30 11
446 30 18
447 26 18
458 13 12
459 13 12
467 30 30
469 30 30
470 30 30
471 30 30
483 30 30
484 60 30
492 30 30
493 60 30
651 30 30
652 60 30
660 34 86
661 15 15
662 30 15
663 30 15
664 30 15
665 30 30
666 60 30
667 30 15
673 30 30
674 60 30
675 41 41
676 52 53
677 39 39
678 40 41
679 52 54
680 36 36
709 30 30
710 60 30
711 30 30
712 60 30
720 8 8
726 30 30
727 60 30
728 30 30
729 60 30
741 61 61
742 42 42
745 34 86
747 25 90
768 15 13
887 60 30
918 48 48
919 25 6
991 8 8
1007 30 30
1022 30 30
1049 30 30
1154 15 1.5
1155 15 15
1156 15 15
1157 15 15
1202 30 3
1203 30 30
1204 30 30
1208 15 15
1209 30 30
1210 30 30
1220 30 6
1221 30 30
1222 30 30
1226 30 30
1227 30 7
1262 30 3
1264 30 6
1275 25 20
1327 8 8
1328 8 15
1329 40 40
1331 34 86
1332 29 7
1334 69 56
1339 60 30
1340 27 2
1342 60 30
1343 25 3
1345 60 30
1561 30 10
1562 30 2
1563 15 2
1564 12 12
1565 17 17
1566 12 12
1567 15 10
1568 62 32
1569 32 32
1582 27 26
1583 31 23
1584 8 8
1587 25 20
1589 25 20
1598 25 20
1614 25 20
1619 49 39
1620 32 32
1701 20 28
1702 15 29
1703 13 22
1705 44 85
1706 60 60
1707 40 40
1708 43 43
1709 55 63
1710 43 43
1711 47 50
1712 45 56
1713 39 50
1714 38 41
1715 30 27
1716 30 15
1718 60 30
1719 30 18
1720 30 18
1721 30 17
1722 30 10
1724 60 30
1725 30 13
1726 30 11
1727 15 13
1728 30 18
1729 26 18
1730 30 15
1731 8 8
1733 8 8
1734 41 41
1735 52 53
1736 39 39
1744 60 30
1746 60 30
1748 60 30
1750 60 30
1903 30 14
1904 30 14
1905 30 14
1907 60 30
1910 15 15
1911 15 8
